0 0.19140625 0.2140625 0.075 0.115625
0 0.20234375 0.8015625 0.078125 0.15
0 0.353125 0.20859375 0.084375 0.1375
0 0.37734375 0.809375 0.0828125 0.1359375
0 0.5265625 0.21171875 0.0890625 0.1609375
0 0.7015625 0.20390625 0.084375 0.1046875
0 0.71328125 0.4953125 0.084375 0.0875
0 0.87265625 0.64453125 0.1078125 0.153125
0 0.1984375 0.5125 0.09375 0.125
0 0.3640625 0.503125 0.0859375 0.1453125
0 0.53359375 0.4953125 0.0765625 0.109375
0 0.54375 0.790625 0.08125 0.128125
0 0.8640625 0.35546875 0.084375 0.165625
0 0.7234375 0.8046875 0.084375 0.175