0 0.12109375 0.68359375 0.1046875 0.1296875
0 0.30390625 0.125 0.1171875 0.1625
0 0.27421875 0.73515625 0.11875 0.153125
0 0.47265625 0.16875 0.1171875 0.1515625
0 0.44140625 0.78359375 0.13125 0.1765625
0 0.60625 0.8421875 0.109375 0.121875
0 0.70234375 0.56640625 0.1046875 0.10625
0 0.8984375 0.4703125 0.146875 0.175
0 0.215625 0.39921875 0.1234375 0.14375
0 0.37109375 0.45703125 0.1234375 0.1609375
0 0.53046875 0.51484375 0.1046875 0.125
0 0.6265625 0.234375 0.1125 0.14375
0 0.80546875 0.74453125 0.1265625 0.18125
0 0.80234375 0.2734375 0.1296875 0.1875