0 0.8890625 0.14765625 0.0984375 0.1015625
0 0.87109375 0.30078125 0.1328125 0.08125
0 0.86328125 0.446875 0.121875 0.0890625
0 0.85625 0.59921875 0.1109375 0.0984375
0 0.83515625 0.90234375 0.0828125 0.0984375
0 0.6421875 0.1328125 0.0875 0.0890625
0 0.62421875 0.28671875 0.1015625 0.0859375
0 0.615625 0.4421875 0.096875 0.084375
0 0.59453125 0.7171875 0.1046875 0.0875
0 0.57578125 0.86796875 0.1171875 0.0921875
0 0.12890625 0.55390625 0.1 0.1078125
0 0.1515625 0.3921875 0.1140625 0.0859375
0 0.39296875 0.11484375 0.115625 0.0703125
0 0.37109375 0.409375 0.090625 0.0890625
0 0.3546875 0.575 0.0953125 0.096875
0 0.34375 0.70234375 0.0828125 0.0828125
0 0.38203125 0.26484375 0.090625 0.0890625
0 0.1703125 0.1046875 0.115625 0.096875
0 0.1625 0.246875 0.115625 0.10625
0 0.61171875 0.58671875 0.1078125 0.08125
0 0.84609375 0.76015625 0.11875 0.096875
0 0.340625 0.8546875 0.1 0.1140625
0 0.10859375 0.8328125 0.1578125 0.1578125