0 0.45546875 0.49765625 0.109375 0.065625
0 0.28359375 0.0765625 0.1046875 0.0734375
0 0.2734375 0.1375 0.1046875 0.0609375
0 0.26796875 0.19609375 0.0875 0.059375
0 0.25546875 0.25390625 0.10625 0.0609375
0 0.24375 0.31328125 0.1171875 0.0578125
0 0.2390625 0.375 0.1625 0.0734375
0 0.20546875 0.55234375 0.115625 0.0625
0 0.19453125 0.61328125 0.1125 0.065625
0 0.18671875 0.671875 0.1125 0.065625
0 0.18203125 0.728125 0.090625 0.05625
0 0.1609375 0.84765625 0.109375 0.0703125
0 0.13359375 0.0546875 0.1015625 0.0734375
0 0.0984375 0.28984375 0.103125 0.0625
0 0.08046875 0.41328125 0.1125 0.0640625
0 0.0390625 0.76640625 0.078125 0.0734375
0 0.0328125 0.82421875 0.065625 0.0671875