0 0.7953125 0.8296875 0.08125 0.0734375
0 0.8171875 0.75546875 0.08125 0.0703125
0 0.8359375 0.68671875 0.0671875 0.0671875
0 0.8859375 0.5359375 0.071875 0.084375
0 0.91484375 0.4625 0.06875 0.0671875
0 0.93359375 0.3859375 0.065625 0.071875
0 0.346875 0.43828125 0.090625 0.06875
0 0.24453125 0.471875 0.078125 0.071875
0 0.2796875 0.378125 0.075 0.06875
0 0.2015625 0.16015625 0.075 0.071875
0 0.11328125 0.43984375 0.071875 0.0703125
0 0.09609375 0.509375 0.078125 0.0703125
0 0.0578125 0.646875 0.0859375 0.0703125