0 0.27109375 0.12109375 0.05625 0.0671875
0 0.3484375 0.121875 0.05234375 0.06875
0 0.41953125 0.12421875 0.05234375 0.0546875
0 0.57890625 0.1203125 0.07265625 0.05234375
0 0.65703125 0.1140625 0.05390625 0.05703125
0 0.7359375 0.11875 0.06015625 0.04921875
0 0.5140625 0.6640625 0.04609375 0.08125
0 0.45234375 0.75234375 0.0546875 0.065625
0 0.55234375 0.74609375 0.05234375 0.0625
0 0.7375 0.884375 0.05625 0.0609375
0 0.44453125 0.8875 0.05703125 0.0578125
0 0.37265625 0.88359375 0.05234375 0.065625
0 0.23046875 0.8796875 0.0515625 0.0734375