0 0.2625 0.18046875 0.03125 0.028125
0 0.7078125 0.62578125 0.059375 0.05625
0 0.91328125 0.28046875 0.0359375 0.0359375
0 0.38515625 0.06640625 0.025 0.0296875
0 0.90390625 0.34921875 0.0453125 0.0375
0 0.40625 0.21171875 0.0359375 0.028125
0 0.41953125 0.06640625 0.0296875 0.03125
0 0.359375 0.82421875 0.0484375 0.046875
0 0.896875 0.428125 0.0515625 0.04375
0 0.61484375 0.678125 0.065625 0.0546875
0 0.4515625 0.40390625 0.0484375 0.0421875
0 0.1140625 0.8203125 0.034375 0.0328125
0 0.10859375 0.85390625 0.03125 0.0265625
0 0.3328125 0.64296875 0.05625 0.05
0 0.14921875 0.86015625 0.040625 0.034375
0 0.1046875 0.88515625 0.0359375 0.0296875
0 0.43828125 0.6703125 0.040625 0.0328125
0 0.30546875 0.81015625 0.0484375 0.0484375
0 0.65 0.98828125 0.05625 0.0234375
0 0.69609375 0.75390625 0.0578125 0.046875
0 0.26328125 0.778125 0.0484375 0.0390625
0 0.75859375 0.75390625 0.0609375 0.05
0 0.371875 0.78203125 0.0578125 0.034375
0 0.8578125 0.775 0.0671875 0.0421875
0 0.87421875 0.67734375 0.08125 0.0625
0 0.8734375 0.67734375 0.08125 0.0640625
0 0.24765625 0.7375 0.0515625 0.040625
0 0.88671875 0.19296875 0.0453125 0.040625
0 0.909375 0.31484375 0.034375 0.0296875
0 0.8984375 0.3859375 0.0421875 0.0359375
0 0.2546875 0.69453125 0.040625 0.0390625
0 0.28046875 0.6609375 0.0453125 0.0421875