0 0.13671875 0.12109375 0.0921875 0.0953125
0 0.14375 0.275 0.12890625 0.07265625
0 0.14140625 0.421875 0.1171875 0.08125
0 0.1375 0.57421875 0.1046875 0.09140625
0 0.1375 0.878125 0.0765625 0.09375
0 0.38359375 0.1234375 0.08046875 0.08515625
0 0.390625 0.27890625 0.09765625 0.0796875
0 0.3890625 0.434375 0.0921875 0.07890625
0 0.390625 0.71015625 0.10078125 0.08046875
0 0.3984375 0.86171875 0.1109375 0.08515625
0 0.86640625 0.5796875 0.09375 0.1015625
0 0.85546875 0.41640625 0.109375 0.07890625
0 0.63359375 0.1234375 0.1109375 0.0625
0 0.63515625 0.41875 0.08359375 0.0828125
0 0.63984375 0.58515625 0.0890625 0.08984375
0 0.64140625 0.7125 0.07734375 0.078125
0 0.634375 0.2734375 0.08359375 0.0828125
0 0.85625 0.12890625 0.109375 0.0890625
0 0.8546875 0.27109375 0.109375 0.0984375
0 0.3828125 0.57890625 0.103125 0.07421875
0 0.13671875 0.73515625 0.11171875 0.0890625
0 0.634375 0.86484375 0.0921875 0.1078125
0 0.8671875 0.859375 0.1484375 0.1484375