0 0.2640625 0.9328125 0.165625 0.134375
0 0.21484375 0.77421875 0.1625 0.1421875
0 0.1609375 0.59375 0.16875 0.18125
0 0.484375 0.90078125 0.175 0.1984375
0 0.44140625 0.70546875 0.1578125 0.2109375
0 0.284375 0.17421875 0.1765625 0.2109375
0 0.721875 0.85390625 0.15 0.1390625
0 0.66484375 0.64921875 0.15625 0.171875
0 0.509375 0.10546875 0.1578125 0.1828125
0 0.9 0.5875 0.18125 0.2125
0 0.84375 0.40234375 0.1546875 0.19375
0 0.740625 0.06171875 0.16875 0.1234375
0 0.1078125 0.4171875 0.159375 0.1609375
0 0.06875 0.2375 0.1375 0.19375
0 0.3890625 0.52734375 0.159375 0.1796875
0 0.34296875 0.3546875 0.190625 0.1921875
0 0.615625 0.46796875 0.184375 0.190625
0 0.56328125 0.2890625 0.1609375 0.1671875
0 0.7984375 0.2234375 0.1453125 0.1609375
0 0.934375 0.76875 0.13125 0.1625