0 0.21640625 0.2203125 0.025 0.028125
0 0.5953125 0.7234375 0.05078125 0.053125
0 0.225 0.87890625 0.03046875 0.03125
0 0.08671875 0.32578125 0.0265625 0.02109375
0 0.29453125 0.87890625 0.0328125 0.03984375
0 0.22734375 0.3671875 0.0234375 0.0328125
0 0.08203125 0.36015625 0.028125 0.0265625
0 0.840625 0.40625 0.040625 0.04375
0 0.3734375 0.8828125 0.0375 0.046875
0 0.66015625 0.63828125 0.046875 0.059375
0 0.41171875 0.4390625 0.0359375 0.04375
0 0.87109375 0.1625 0.02890625 0.03203125
0 0.9046875 0.16171875 0.0234375 0.02890625
0 0.66484375 0.3546875 0.04453125 0.04921875
0 0.90546875 0.203125 0.0296875 0.03671875
0 0.93671875 0.1625 0.025 0.0328125
0 0.67734375 0.4625 0.02734375 0.03828125
0 0.834375 0.35078125 0.0421875 0.04375
0 0.9765625 0.71875 0.0453125 0.05
0 0.72421875 0.7296875 0.04140625 0.05390625
0 0.80859375 0.3046875 0.0328125 0.04453125
0 0.715625 0.79140625 0.0421875 0.05625
0 0.796875 0.4125 0.0265625 0.0546875
0 0.72265625 0.89296875 0.03359375 0.06171875
0 0.6234375 0.8953125 0.05390625 0.07421875
0 0.6234375 0.89453125 0.0546875 0.07421875
0 0.7703125 0.2828125 0.034375 0.04609375
0 0.1421875 0.840625 0.0359375 0.03984375
0 0.259375 0.8796875 0.02578125 0.03203125
0 0.33125 0.87890625 0.03125 0.0375
0 0.7265625 0.284375 0.03359375 0.0359375
0 0.68984375 0.3046875 0.03828125 0.040625