0 0.07265625 0.2109375 0.1453125 0.184375
0 0.1125 0.3875 0.1546875 0.1484375
0 0.1546875 0.5765625 0.1390625 0.1609375
0 0.30546875 0.153125 0.159375 0.190625
0 0.34453125 0.34296875 0.13125 0.1875
0 0.46171875 0.8890625 0.165625 0.1984375
0 0.5296875 0.08359375 0.1375 0.1328125
0 0.58125 0.29375 0.15625 0.159375
0 0.6953125 0.84609375 0.14375 0.1671875
0 0.809375 0.240625 0.1609375 0.1828125
0 0.85390625 0.42578125 0.1546875 0.190625
0 0.921875 0.79375 0.15625 0.159375
0 0.76328125 0.0671875 0.1359375 0.134375
0 0.8875 0.61015625 0.14375 0.1734375
0 0.61796875 0.46953125 0.146875 0.1671875
0 0.65390625 0.65703125 0.16875 0.1765625
0 0.3921875 0.5234375 0.1625 0.1765625
0 0.4234375 0.709375 0.1609375 0.16875
0 0.18671875 0.7515625 0.146875 0.159375
0 0.22734375 0.928125 0.1484375 0.14375