0 0.1546875 0.884375 0.1703125 0.1296875
0 0.334375 0.86796875 0.1328125 0.1390625
0 0.528125 0.853125 0.1484375 0.121875
0 0.1296875 0.64453125 0.175 0.1390625
0 0.32265625 0.63203125 0.178125 0.109375
0 0.8796875 0.59140625 0.184375 0.1453125
0 0.0921875 0.4125 0.11875 0.125
0 0.30703125 0.390625 0.14375 0.140625
0 0.86953125 0.35546875 0.1546875 0.125
0 0.28671875 0.1578125 0.16875 0.1421875
0 0.47578125 0.1390625 0.1765625 0.1328125
0 0.8515625 0.11640625 0.1421875 0.153125
0 0.09765625 0.17734375 0.14375 0.11875
0 0.66328125 0.13125 0.1609375 0.125
0 0.4859375 0.37890625 0.153125 0.128125
0 0.67734375 0.36953125 0.159375 0.15
0 0.50859375 0.61015625 0.1609375 0.1453125
0 0.696875 0.60546875 0.153125 0.14375
0 0.70546875 0.8453125 0.1453125 0.1296875
0 0.90234375 0.83203125 0.1609375 0.1296875