0 0.8546875 0.11796875 0.1234375 0.16875
0 0.85 0.31484375 0.1375 0.1078125
0 0.8515625 0.503125 0.1328125 0.15
0 0.625 0.11796875 0.134375 0.16875
0 0.61328125 0.31875 0.1109375 0.1875
0 0.6171875 0.87265625 0.13125 0.18125
0 0.384375 0.0984375 0.125 0.109375
0 0.3828125 0.3109375 0.121875 0.14375
0 0.38203125 0.8765625 0.11875 0.15625
0 0.13984375 0.30546875 0.1359375 0.1828125
0 0.14296875 0.49921875 0.1125 0.16875
0 0.14296875 0.87109375 0.1390625 0.125
0 0.85625 0.68515625 0.121875 0.1234375
0 0.85859375 0.871875 0.103125 0.1546875
0 0.615625 0.4984375 0.1171875 0.1515625
0 0.61015625 0.6828125 0.15 0.1375
0 0.36640625 0.49921875 0.1359375 0.15625
0 0.3734375 0.67890625 0.1578125 0.14375
0 0.14609375 0.1140625 0.134375 0.1375
0 0.1421875 0.6875 0.1078125 0.1578125