0 0.121875 0.19453125 0.1421875 0.1875
0 0.31015625 0.2015625 0.1375 0.184375
0 0.490625 0.1953125 0.1359375 0.1640625
0 0.67890625 0.1859375 0.1265625 0.1984375
0 0.31015625 0.50546875 0.134375 0.1828125
0 0.5015625 0.4984375 0.1703125 0.146875
0 0.6828125 0.50390625 0.1328125 0.1828125
0 0.87109375 0.5015625 0.1375 0.2125
0 0.68984375 0.8015625 0.1359375 0.1953125
0 0.5078125 0.8 0.15625 0.16875
0 0.321875 0.80859375 0.153125 0.16875
0 0.85625 0.184375 0.1375 0.215625
0 0.13125 0.509375 0.115625 0.190625
0 0.14140625 0.81484375 0.1359375 0.1734375
0 0.87421875 0.80234375 0.1203125 0.23125