0 0.12890625 0.140625 0.1625 0.11875
0 0.309375 0.14453125 0.1234375 0.13046875
0 0.503125 0.14609375 0.13984375 0.11328125
0 0.1203125 0.38203125 0.1671875 0.12734375
0 0.3140625 0.38046875 0.17109375 0.09609375
0 0.87265625 0.38203125 0.175 0.1328125
0 0.09921875 0.615625 0.1109375 0.1171875
0 0.31484375 0.62265625 0.134375 0.13125
0 0.87890625 0.61875 0.146875 0.11484375
0 0.3109375 0.85625 0.159375 0.13203125
0 0.50078125 0.86171875 0.16875 0.12109375
0 0.87734375 0.8578125 0.1328125 0.14453125
0 0.12109375 0.85 0.1359375 0.10859375
0 0.68828125 0.85625 0.153125 0.1140625
0 0.49453125 0.621875 0.1453125 0.11796875
0 0.6859375 0.61796875 0.14921875 0.140625
0 0.50078125 0.38984375 0.1515625 0.13515625
0 0.6890625 0.38125 0.14375 0.13359375
0 0.68125 0.14140625 0.13671875 0.1203125
0 0.878125 0.140625 0.15390625 0.11796875