0 0.78125 0.9203125 0.146875 0.159375
0 0.8125 0.7546875 0.153125 0.146875
0 0.84765625 0.56484375 0.1375 0.159375
0 0.54296875 0.8953125 0.1578125 0.1890625
0 0.58203125 0.70546875 0.128125 0.1875
0 0.68671875 0.15703125 0.1640625 0.196875
0 0.31015625 0.87109375 0.1359375 0.13125
0 0.34453125 0.65859375 0.1546875 0.15625
0 0.45546875 0.10546875 0.1421875 0.165625
0 0.1140625 0.61796875 0.159375 0.18125
0 0.1453125 0.43046875 0.1515625 0.1890625
0 0.22109375 0.06953125 0.1671875 0.1390625
0 0.87890625 0.3796875 0.146875 0.15
0 0.92265625 0.19921875 0.1484375 0.1703125
0 0.6171875 0.5265625 0.1546875 0.171875
0 0.6484375 0.34453125 0.165625 0.1671875
0 0.3796875 0.47578125 0.153125 0.165625
0 0.4171875 0.296875 0.159375 0.184375
0 0.0828125 0.8078125 0.1625 0.1796875
0 0.18359375 0.2421875 0.146875 0.1765625