0 0.17265625 0.09453125 0.134375 0.1765625
0 0.1640625 0.290625 0.1453125 0.1171875
0 0.14921875 0.47890625 0.1421875 0.159375
0 0.40234375 0.11015625 0.1453125 0.178125
0 0.4 0.3109375 0.1234375 0.1953125
0 0.35703125 0.86328125 0.14375 0.190625
0 0.64296875 0.1078125 0.1328125 0.1171875
0 0.63046875 0.31953125 0.13125 0.1515625
0 0.59140625 0.88359375 0.1296875 0.1640625
0 0.87265625 0.33125 0.1484375 0.1921875
0 0.85625 0.52421875 0.1234375 0.1765625
0 0.83046875 0.8953125 0.146875 0.134375
0 0.13359375 0.6625 0.1375 0.140625
0 0.11796875 0.85 0.1390625 0.175
0 0.3859375 0.49609375 0.1328125 0.159375
0 0.3765625 0.675 0.1640625 0.1671875
0 0.6203125 0.5078125 0.1578125 0.165625
0 0.60546875 0.69296875 0.1375 0.146875
0 0.84921875 0.70859375 0.121875 0.14375
0 0.8796875 0.14375 0.128125 0.1421875