0 0.878125 0.80546875 0.140625 0.1875
0 0.68984375 0.7984375 0.1390625 0.1859375
0 0.509375 0.8046875 0.1359375 0.1640625
0 0.32109375 0.8140625 0.125 0.1984375
0 0.68984375 0.49453125 0.134375 0.1828125
0 0.4984375 0.5015625 0.1703125 0.146875
0 0.3171875 0.49609375 0.1328125 0.1828125
0 0.12890625 0.4984375 0.1390625 0.2125
0 0.31015625 0.1984375 0.134375 0.1953125
0 0.4921875 0.2 0.15625 0.16875
0 0.678125 0.19140625 0.153125 0.16875
0 0.14375 0.815625 0.1375 0.2140625
0 0.86875 0.490625 0.115625 0.190625
0 0.85859375 0.18515625 0.1359375 0.1734375
0 0.12578125 0.19765625 0.121875 0.23125