0 0.521875 0.5390625 0.0859375 0.1140625
0 0.25546875 0.9078125 0.0921875 0.1125
0 0.3125 0.884375 0.0828125 0.109375
0 0.36484375 0.8578125 0.075 0.09375
0 0.42109375 0.8375 0.08125 0.109375
0 0.47734375 0.81640625 0.08125 0.11875
0 0.53203125 0.7875 0.10625 0.1625
0 0.70078125 0.721875 0.084375 0.11875
0 0.7578125 0.69921875 0.0875 0.1171875
0 0.81171875 0.675 0.0875 0.1171875
0 0.86171875 0.6484375 0.0734375 0.0953125
0 0.9640625 0.603125 0.071875 0.115625
0 0.53515625 0.94921875 0.0828125 0.1015625
0 0.6484375 0.90234375 0.0859375 0.1171875
0 0.965625 0.76328125 0.06875 0.1171875