0 0.45546875 0.49609375 0.1109375 0.06875
0 0.2984375 0.06953125 0.10625 0.0765625
0 0.2859375 0.1296875 0.10625 0.0640625
0 0.27890625 0.18828125 0.0890625 0.0609375
0 0.26484375 0.24609375 0.10625 0.0640625
0 0.25078125 0.3046875 0.11875 0.0609375
0 0.24375 0.365625 0.1625 0.078125
0 0.20390625 0.5421875 0.115625 0.065625
0 0.190625 0.60234375 0.1140625 0.06875
0 0.18046875 0.6609375 0.1140625 0.06875
0 0.17421875 0.7171875 0.090625 0.059375
0 0.14921875 0.83515625 0.109375 0.0734375
0 0.15 0.0421875 0.103125 0.0765625
0 0.10546875 0.27578125 0.1046875 0.065625
0 0.08359375 0.3984375 0.1140625 0.0671875
0 0.03515625 0.74921875 0.0703125 0.0765625
0 0.02734375 0.80703125 0.0546875 0.0703125