0 0.11796875 0.1453125 0.16796875 0.1234375
0 0.31484375 0.15 0.1078125 0.13828125
0 0.503125 0.1484375 0.14921875 0.1328125
0 0.11796875 0.375 0.16953125 0.13515625
0 0.31875 0.38671875 0.18828125 0.1109375
0 0.87265625 0.3828125 0.18203125 0.13125
0 0.0984375 0.615625 0.11015625 0.12421875
0 0.3109375 0.6171875 0.14296875 0.12265625
0 0.8765625 0.61796875 0.15703125 0.11953125
0 0.30546875 0.86015625 0.1828125 0.1359375
0 0.49921875 0.85703125 0.16875 0.11328125
0 0.87109375 0.85703125 0.12421875 0.1390625
0 0.68515625 0.14375 0.1234375 0.12265625
0 0.871875 0.14140625 0.15390625 0.10390625
0 0.4984375 0.384375 0.1515625 0.1171875
0 0.6828125 0.38984375 0.13671875 0.15078125
0 0.49921875 0.63359375 0.15703125 0.1359375
0 0.67890625 0.6265625 0.14453125 0.1578125
0 0.1140625 0.85390625 0.13828125 0.13359375
0 0.6875 0.8578125 0.15703125 0.1078125