0 0.20703125 0.92578125 0.1921875 0.1484375
0 0.3984375 0.8828125 0.1359375 0.1578125
0 0.58203125 0.8421875 0.1765625 0.1625
0 0.15625 0.7078125 0.1953125 0.16875
0 0.34921875 0.65078125 0.2078125 0.15
0 0.88984375 0.53046875 0.20625 0.16875
0 0.0828125 0.47734375 0.134375 0.146875
0 0.2890625 0.428125 0.1671875 0.1515625
0 0.840625 0.3 0.1796875 0.1515625
0 0.2296875 0.19296875 0.209375 0.1734375
0 0.41875 0.15234375 0.1890625 0.146875
0 0.78125 0.075 0.153125 0.15
0 0.7609375 0.80546875 0.1484375 0.146875
0 0.928125 0.765625 0.14375 0.134375
0 0.52421875 0.61328125 0.1734375 0.1484375
0 0.703125 0.56640625 0.1671875 0.1765625
0 0.46953125 0.3703125 0.1828125 0.1671875
0 0.64609375 0.33671875 0.175 0.1859375
0 0.06328125 0.2421875 0.1265625 0.1625
0 0.60234375 0.109375 0.1765625 0.140625