0 0.203125 0.2015625 0.11328125 0.071875
0 0.790625 0.1921875 0.14765625 0.0734375
0 0.20390625 0.36328125 0.13359375 0.0796875
0 0.8046875 0.36640625 0.1328125 0.07734375
0 0.2125 0.53671875 0.1578125 0.08359375
0 0.2109375 0.71171875 0.1015625 0.08203125
0 0.503125 0.71328125 0.08515625 0.08203125
0 0.6578125 0.8671875 0.14921875 0.103125
0 0.50234375 0.1984375 0.121875 0.0890625
0 0.4984375 0.3640625 0.1421875 0.08046875
0 0.49609375 0.53359375 0.10625 0.0734375
0 0.54921875 0.57421875 0.00078125 0.00859375
0 0.7921875 0.53359375 0.12578125 0.0765625
0 0.36796875 0.86875 0.16328125 0.078125
0 0.8125 0.7125 0.17109375 0.078125