0 0.253125 0.86796875 0.084375 0.0796875
0 0.22109375 0.796875 0.084375 0.0765625
0 0.19375 0.73203125 0.071875 0.071875
0 0.12265625 0.5890625 0.078125 0.0875
0 0.08359375 0.52109375 0.0734375 0.071875
0 0.0546875 0.44765625 0.0703125 0.075
0 0.64296875 0.41796875 0.09375 0.0765625
0 0.74921875 0.43671875 0.0828125 0.0765625
0 0.70078125 0.3484375 0.0796875 0.075
0 0.74765625 0.12265625 0.0796875 0.0765625
0 0.875 0.38671875 0.0765625 0.075
0 0.9015625 0.453125 0.08125 0.0765625
0 0.95625 0.5828125 0.0875 0.078125