0 0.14765625 0.8890625 0.1015625 0.0984375
0 0.30078125 0.87109375 0.08125 0.1328125
0 0.446875 0.86328125 0.0890625 0.121875
0 0.59921875 0.85625 0.0984375 0.1109375
0 0.90234375 0.83515625 0.0984375 0.0828125
0 0.1328125 0.6421875 0.0890625 0.0875
0 0.28671875 0.62421875 0.0859375 0.1015625
0 0.4421875 0.615625 0.084375 0.096875
0 0.7171875 0.59453125 0.0875 0.1046875
0 0.86796875 0.57578125 0.0921875 0.1171875
0 0.55390625 0.12890625 0.1078125 0.1
0 0.3921875 0.1515625 0.0859375 0.1140625
0 0.11484375 0.39296875 0.0703125 0.115625
0 0.409375 0.37109375 0.0890625 0.090625
0 0.575 0.3546875 0.096875 0.0953125
0 0.70234375 0.34375 0.0828125 0.0828125
0 0.26484375 0.38203125 0.0890625 0.090625
0 0.2578125 0.153125 0.103125 0.103125
0 0.103125 0.16875 0.09375 0.103125
0 0.746875 0.83984375 0.1125 0.1015625
0 0.58125 0.6140625 0.1125 0.1375
0 0.8609375 0.34375 0.134375 0.1140625
0 0.68671875 0.1203125 0.090625 0.184375
0 0.8328125 0.11328125 0.1625 0.1609375