0 0.228125 0.94609375 0.115625 0.1078125
0 0.375 0.90234375 0.103125 0.1421875
0 0.5171875 0.86640625 0.109375 0.134375
0 0.665625 0.83125 0.1140625 0.125
0 0.9515625 0.75234375 0.096875 0.0984375
0 0.16640625 0.71015625 0.103125 0.1
0 0.31484375 0.6625 0.1015625 0.1140625
0 0.465625 0.62421875 0.1 0.109375
0 0.73125 0.5515625 0.1046875 0.1171875
0 0.87578125 0.5046875 0.1109375 0.1296875
0 0.48203125 0.12578125 0.121875 0.1171875
0 0.32734375 0.178125 0.103125 0.1265625
0 0.1015625 0.46875 0.0890625 0.1234375
0 0.38671875 0.390625 0.1015625 0.103125
0 0.54609375 0.34296875 0.1109375 0.109375
0 0.66875 0.30859375 0.0953125 0.0953125
0 0.24609375 0.42890625 0.1015625 0.103125
0 0.19609375 0.20546875 0.11875 0.11875
0 0.05078125 0.25 0.1015625 0.115625
0 0.80703125 0.78671875 0.1265625 0.11875
0 0.6015625 0.59609375 0.1328125 0.153125
0 0.825 0.278125 0.15 0.1359375
0 0.6109375 0.09453125 0.121875 0.1890625
0 0.7515625 0.07421875 0.1875 0.1484375