0 0.134375 0.8765625 0.0984375 0.0953125
0 0.2875 0.8640625 0.0765625 0.13125
0 0.434375 0.8609375 0.0859375 0.1203125
0 0.58671875 0.859375 0.09375 0.1078125
0 0.890625 0.84921875 0.096875 0.0796875
0 0.12734375 0.6296875 0.0875 0.084375
0 0.2828125 0.6171875 0.0828125 0.1
0 0.43828125 0.61328125 0.08125 0.0953125
0 0.7140625 0.60234375 0.084375 0.103125
0 0.86484375 0.5890625 0.0875 0.1140625
0 0.5671875 0.13125 0.1046875 0.096875
0 0.40390625 0.14765625 0.08125 0.1125
0 0.11875 0.3796875 0.065625 0.1125
0 0.4140625 0.36796875 0.0859375 0.0875
0 0.58046875 0.35703125 0.09375 0.0921875
0 0.7078125 0.3515625 0.08125 0.08125
0 0.26875 0.3734375 0.0859375 0.0875
0 0.11640625 0.15703125 0.0921875 0.1125
0 0.25859375 0.15390625 0.1015625 0.1125
0 0.5828125 0.6140625 0.078125 0.10625
0 0.74765625 0.8546875 0.0921875 0.115625
0 0.86015625 0.353125 0.1109375 0.0953125
0 0.84609375 0.1203125 0.153125 0.153125