0 0.1515625 0.3390625 0.0703125 0.06640625
0 0.15078125 0.44296875 0.06640625 0.06796875
0 0.1515625 0.5421875 0.0765625 0.06015625
0 0.14765625 0.65 0.06015625 0.06015625
0 0.15390625 0.85625 0.05703125 0.065625
0 0.54375 0.6453125 0.07890625 0.07265625
0 0.53515625 0.4390625 0.06015625 0.06015625
0 0.5390625 0.340625 0.07734375 0.06953125
0 0.53515625 0.54296875 0.07265625 0.06796875
0 0.153125 0.75 0.07890625 0.0796875
0 0.54453125 0.746875 0.07265625 0.0765625
0 0.53984375 0.85 0.0921875 0.0734375