0 0.3484375 0.13203125 0.034375 0.0359375
0 0.50078125 0.74296875 0.0671875 0.06875
0 0.0984375 0.74140625 0.040625 0.040625
0 0.1875 0.178125 0.0328125 0.03125
0 0.1625 0.76875 0.0453125 0.05
0 0.30078125 0.27109375 0.034375 0.0390625
0 0.16953125 0.2078125 0.0359375 0.0359375
0 0.85 0.546875 0.0546875 0.05625
0 0.23359375 0.803125 0.053125 0.0578125
0 0.59375 0.68984375 0.065625 0.0734375
0 0.4421875 0.409375 0.05 0.0546875
0 0.9734375 0.334375 0.0390625 0.040625
0 0.99375 0.346875 0.0125 0.034375
0 0.70859375 0.43046875 0.059375 0.0625
0 0.98359375 0.384375 0.0328125 0.046875
0 0.678125 0.53515625 0.040625 0.0453125
0 0.86640625 0.49296875 0.05625 0.05625
0 0.853125 0.8875 0.0609375 0.0640625
0 0.61640625 0.79921875 0.0578125 0.0640625
0 0.86015625 0.440625 0.046875 0.053125
0 0.584375 0.85234375 0.0609375 0.06875
0 0.8078125 0.53515625 0.0453125 0.0609375
0 0.5515625 0.9484375 0.05625 0.0703125
0 0.459375 0.9125 0.0796875 0.090625
0 0.459375 0.91171875 0.0796875 0.090625
0 0.83359375 0.40546875 0.05 0.05625
0 0.0375 0.6734375 0.0484375 0.0515625
0 0.13046875 0.75546875 0.0359375 0.0390625
0 0.196875 0.7828125 0.04375 0.046875
0 0.79296875 0.38984375 0.0453125 0.046875
0 0.75078125 0.39453125 0.05 0.0515625