0 0.49921875 0.54453125 0.0625 0.1078125
0 0.084375 0.73046875 0.0703125 0.103125
0 0.1453125 0.7390625 0.0578125 0.103125
0 0.20390625 0.7421875 0.05625 0.0859375
0 0.2625 0.75234375 0.0578125 0.1046875
0 0.321875 0.7625 0.0546875 0.1171875
0 0.384375 0.76484375 0.06875 0.1609375
0 0.5625 0.79296875 0.0578125 0.1140625
0 0.6234375 0.8015625 0.0625 0.1109375
0 0.6828125 0.80703125 0.0625 0.1109375
0 0.7390625 0.809375 0.053125 0.0890625
0 0.85859375 0.8265625 0.0671875 0.1078125
0 0.0671875 0.88125 0.0703125 0.1
0 0.30390625 0.90859375 0.059375 0.1015625
0 0.42734375 0.92265625 0.0609375 0.1109375
0 0.78203125 0.95625 0.0703125 0.0875
0 0.84140625 0.96171875 0.0640625 0.0765625