0 0.5046875 0.54453125 0.05078125 0.103125
0 0.115625 0.7796875 0.05859375 0.096875
0 0.17734375 0.78046875 0.04765625 0.0984375
0 0.2359375 0.7765625 0.046875 0.08125
0 0.2953125 0.7796875 0.0453125 0.1
0 0.35546875 0.78203125 0.04140625 0.11171875
0 0.4171875 0.77734375 0.04921875 0.15546875
0 0.59765625 0.7828125 0.0453125 0.11015625
0 0.659375 0.784375 0.05 0.10703125
0 0.71875 0.7828125 0.04921875 0.10703125
0 0.775 0.778125 0.04453125 0.084375
0 0.89609375 0.78046875 0.0546875 0.1015625
0 0.1171875 0.93125 0.05859375 0.09296875
0 0.35546875 0.9296875 0.0484375 0.096875
0 0.4796875 0.928125 0.0484375 0.10546875
0 0.8375 0.9296875 0.0578125 0.103125
0 0.89765625 0.93671875 0.05 0.11171875