0 0.17578125 0.9015625 0.175 0.1375
0 0.35390625 0.87578125 0.1390625 0.1453125
0 0.54609375 0.85078125 0.153125 0.128125
0 0.1375 0.66328125 0.18125 0.146875
0 0.3296875 0.64140625 0.1828125 0.1171875
0 0.884375 0.571875 0.190625 0.153125
0 0.08828125 0.434375 0.125 0.1296875
0 0.3015625 0.40078125 0.15 0.146875
0 0.86171875 0.3359375 0.159375 0.1328125
0 0.26875 0.16953125 0.1734375 0.15
0 0.45703125 0.140625 0.1828125 0.1421875
0 0.83125 0.09921875 0.15 0.1609375
0 0.73203125 0.8234375 0.14375 0.140625
0 0.91640625 0.809375 0.1640625 0.1390625
0 0.5109375 0.61953125 0.1640625 0.1453125
0 0.69375 0.59296875 0.159375 0.1578125
0 0.4859375 0.378125 0.1578125 0.1453125
0 0.6671875 0.35859375 0.1765625 0.15
0 0.08203125 0.1984375 0.1640625 0.153125
0 0.64765625 0.11875 0.1703125 0.1375