0 0.1734375 0.20546875 0.18046875 0.225
0 0.41171875 0.209375 0.1578125 0.30390625
0 0.64140625 0.209375 0.171875 0.25234375
0 0.85625 0.20390625 0.17421875 0.22734375
0 0.17734375 0.52265625 0.2125 0.2625
0 0.634375 0.5265625 0.134375 0.26015625
0 0.85234375 0.52421875 0.13828125 0.28125
0 0.8640625 0.8421875 0.16484375 0.2578125
0 0.634375 0.84140625 0.16015625 0.26171875
0 0.41328125 0.82734375 0.16171875 0.2328125
0 0.1734375 0.83359375 0.23515625 0.22109375
0 0.41171875 0.525 0.1671875 0.24765625