0 0.55703125 0.85703125 0.078125 0.10625
0 0.5578125 0.65078125 0.08125 0.1046875
0 0.40234375 0.50078125 0.078125 0.0890625
0 0.54609375 0.4125 0.103125 0.115625
0 0.3078125 0.3859375 0.090625 0.103125
0 0.5484375 0.17890625 0.071875 0.1109375
0 0.45703125 0.1796875 0.0796875 0.103125
0 0.3671875 0.18828125 0.053125 0.090625
0 0.29296875 0.18671875 0.053125 0.1015625
0 0.55390625 0.5296875 0.08125 0.1265625
0 0.5171875 0.47734375 0.00625 0.01875
0 0.3125 0.51640625 0.09375 0.1140625
0 0.26484375 0.4578125 0.003125 0.003125
0 0.40546875 0.38203125 0.0875 0.10625