0 0.45546875 0.14140625 0.07578125 0.103125
0 0.44765625 0.34765625 0.078125 0.1015625
0 0.59765625 0.50234375 0.07421875 0.0859375
0 0.45078125 0.5859375 0.1 0.11328125
0 0.68828125 0.62109375 0.0875 0.09921875
0 0.440625 0.81953125 0.06796875 0.11015625
0 0.53203125 0.821875 0.0765625 0.09921875
0 0.621875 0.81640625 0.05078125 0.0890625
0 0.69609375 0.8203125 0.05078125 0.1
0 0.446875 0.46875 0.0765625 0.1234375
0 0.48203125 0.521875 0.00546875 0.01875
0 0.68828125 0.48984375 0.09140625 0.1109375
0 0.73359375 0.55 0.003125 0.00234375
0 0.590625 0.62109375 0.08515625 0.10234375