0 0.1390625 0.5125 0.1140625 0.090625
0 0.34140625 0.471875 0.1125 0.09375
0 0.51796875 0.59609375 0.096875 0.0875
0 0.57734375 0.43828125 0.1265625 0.115625
0 0.64921875 0.6671875 0.1125 0.1015625
0 0.80625 0.39140625 0.11875 0.084375
0 0.82265625 0.48125 0.1109375 0.090625
0 0.83125 0.57109375 0.0953125 0.0640625
0 0.846875 0.64375 0.10625 0.0671875
0 0.4609375 0.45234375 0.134375 0.0953125
0 0.51875 0.47890625 0.01875 0.009375
0 0.51953125 0.6875 0.1234375 0.10625
0 0.5859375 0.72265625 0.003125 0.003125
0 0.63359375 0.5703125 0.115625 0.1